Points
73 305 132
60 305 154
16 305 359
60 305 585
130 305 650
157 301 655
140 242 648
133 232 633
80 224 509
60 220 498
27 215 381
27 215 337
60 220 215
80 224 204
133 232 84
140 242 69
157 301 61
180 302 61
185 314 38
123 316 65
43 316 161
2 316 356
43 316 569
123 316 659
185 314 681
180 302 661
220 240 57
140 242 69
485 180 60
599 170 70
549 160 142
542 152 159
526 150 356
542 152 556
549 160 578 
599 170 635
485 180 645
220 237 661
1624 144 625
1655 133 597
1670 137 564
1690 133 356
1670 137 156
1655 133 116
1624 144 92
1633 189 67
1654 255 66
1681 272 74
1728 280 293
1728 280 439
1681 272 640
1654 255 653
1633 189 650
1660 250 95 
1650 240 85
1641 180 90
1674 170 211
1674 170 510
1641 180 625 
1650 240 620
1660 250 630 
1704 255 298
1704 255 433 
1646 179 131 
1656 175 175
1662 174 212
1677 252 218
1666 251 175
1662 252 132
1657 250 92
1650 240 85
1640 185 85
1645 180 100
1673 230 220
1668 230 175
1660 230 133
1666 186 212
1660 188 175
1660 190 131
1642 200 85
1650 231 84
1660 186 543
1666 186 506
1660 175 508
1663 172 543
1666 231 542
1670 250 540
1677 250 500
1673 230 500
1660 230 586
1660 247 586
1657 247 625
1650 232 630
1656 188 577
1647 190 625
1640 180 620
1640 176 587
266 212 659
323 200 660
361 200 660
438 224 677
1633 189 647
225 261 685
319 223 694
356 223 694
404 237 690
440 261 690
485 353 680
506 332 685
478 257 675
476 254 675
225 261 35
319 223 26
356 223 26
404 237 30
440 261 30
483 332 30
506 321 35
500 302 25
476 254 25
266 212 50
323 200 47
361 200 47
438 224 44
1057 203 32
1057 203 685
1057 325 655
1102 300 655
1130 230 655
1120 314 675
1080 340 695
1057 325 80
1102 300 80
1130 230 80
1120 314 60
1080 340 40
488 408 677
480 400 677
470 320 677
420 260 680
370 230 690
320 230 690
221 284 680
206 314 680
188 390 675
190 450 675
140 450 670
100 450 650
40 450 570
1 450 450
-5 450 350
1 450 250
40 450 130
100 450 50
140 450 30
190 450 25
188 390 25
206 314 20
221 284 20
320 230 10
370 230 10
420 260 20
470 320 23
480 400 23
488 408 23
177 445 662
130 445 653
90 445 630
50 445 570
15 445 430
10 445 350
15 445 270
50 445 120
90 445 70
130 445 47
177 445 38
171 433 655
130 433 645
95 433 630
70 433 570
50 433 410
50 433 350
50 433 290
70 433 120
95 433 70
130 433 47
171 433 38
493 423 675
1172 417 675
1166 425 680
1166 450 680
1174 461 665
498 462 665
493 447 675
489 465 680
481 461 660
481 461 680
493 423 25
1172 417 25
1166 425 20
1166 450 20
1174 461 35
498 462 35
493 447 25
489 465 20
481 461 40
481 461 20
1175 385 25
1183 326 25
1211 285 30
1232 265 35
1305 240 35
1335 240 35
1410 265 35
1435 285 30
1467 326 25
1490 390 25
1490 425 25
1175 385 675
1183 326 675
1211 285 680
1232 265 685
1305 240 685
1335 240 685
1410 265 685
1435 285 680
1467 326 675
1490 390 675
1490 425 675
1490 445 65
1655 425 85
1660 410 110
1490 445 635
1655 425 615
1660 410 590
1680 395 113
1695 380 130
1715 380 280
1715 380 420
1695 380 570
1680 395 587
1675 395 150
1675 400 160
1675 410 165
1675 420 160
1675 425 150
1675 420 140
1675 410 135
1675 400 140
1675 395 550
1675 400 540
1675 410 535
1675 420 540
1675 425 550
1675 420 560
1675 410 565
1675 400 560
665 110 100
760 60 120
810 35 130
910 15 135
1110 25 135
1225 50 128
1490 130 110 
1110 143 75
665 110 605
760 60 585
810 35 575
910 15 570
1110 25 570
1225 50 577
1490 130 595 
1110 143 630
580 140 350
590 143 585
590 150 606
610 146 622
790 45 572
785 35 405
785 35 295
790 45 128
610 146 78
590 150 114
590 143 135
1233 45 550
1240 35 350
1233 45 150
1244 30 335
1244 30 365
1447 110 560
1500 120 500
1500 120 200
1447 110 140
750 100 615
890 40 590
1100 45 590
1100 62 605
1087 140 638
725 157 650
750 100 95
890 40 120
1100 45 120
1100 62 95
1087 140 62
725 157 50
1204 65 600
1330 100 605
1330 120 620
1185 120 630
1175 115 625
1190 70 600
1204 65 100
1330 100 95
1330 120 80
1185 120 70
1175 115 75
1190 70 100
805 20 320
805 20 380
1120 10 320
1120 10 380
42 330 564
70 335 580
70 350 580
32 350 557
60 330 590
130 330 650
185 330 675
170 335 660
140 335 645
85 335 600
160 350 655
130 350 635
90 350 600
80 350 600 
130 350 650
180 350 675
42 330 135
70 335 120
70 350 120
32 350 140
60 330 110
130 330 50
185 330 25
170 335 40
140 335 55
85 335 100
160 350 45
130 350 65
90 350 100
80 350 100 
130 350 50
180 350 25
30 225 305
60 230 210
70 300 175
65 300 310
65 300 390
70 300 525
60 230 495
30 225 395
75 235 200
75 300 162
75 235 500
75 300 538
80 235 535
130 238 631
132 245 640
100 240 580
135 255 645
92 250 585
140 267 648
145 295 650
100 295 570
80 235 185
130 238 89
132 245 80
100 240 140
135 255 75
92 250 135
140 267 72
145 295 70
100 295 150
15 360 420
30 360 490
45 360 555
50 410 525
50 420 510
30 420 355
30 420 345
50 420 190
50 410 175
45 360 145
30 360 210
15 360 280
1326 366 350
0 366 350
1326 0 350
1326 366 0
1326 390 83
1326 0 83
1326 390 0
1326 390 630
1326 0 630
1326 390 0
Connections
1 2 3 4 5 6 7 8 9 10 11 12 13 14 15 16 17 1
17 18 19 20 21 22 23 24 25 26 6
18 27 28 15 29 30 31 32 33 34 35 36 37 8 7 38 26
14 31 32 13
9 35 34 10
36 39 40 41 42 43 44 45 30
45 46 47 48 49 50 51 52 53 39
48 54 55 56 57 58 59 60 61 51
54 62 63 61
64 65 66 77 74 67 68 69 70 71 72 73 64 79 76 75 78 79 80 81 76 75 74 77 78 65
82 83 84 85 82 86 87 88 89 86 90 91 92 93 90 94 95 96 97 94 82
83 84 85 97 96 95 93 92 91 87 88 89 83
38 98 99 100 101 126 53
27 121 122 123 124 125 46
25 103 104 105 106 107 108 109 110 111 101
19 112 113 114 115 116 117 118 119 120 124
109 127 128 129 130 131 108
118 132 133 134 135 136 117
108 137 138 139 140 141 142 143 144 145 146 147 148 149 150 151 152 153 154 155 156 157 158 159 160 161 162 163 164 165 117
145 166 167 168 169 170 171 172 173 174 175 176 157
145 177 178 179 180 181 182 183 184 185 186 187 157
137 188 189 190 191 192 193 194 137 193 194 195 196 197 138
195 191
165 198 199 200 201 202 203 204 165 203 204 205 206 207 164
205 201
199 208 209 210 211 212 213 214 215 216 217 218
189 219 220 221 222 223 224 225 226 227 228 229
218 230 231 232 48
229 233 234 235 51
232 236 237 238 239 240 241 235
242 243 244 245 246 247 248 249 242
250 251 252 253 254 255 256 257 250
231 234
30 258 259 260 261 262 263 264 265 30
36 266 267 268 269 270 271 272 273 36
274 275 276 277 278 279 280 281 282 283 284 274
285 286 287 288 289 285 290 291 292 293 287
294 295 296 297 298 299 294
300 301 302 303 304 305 300
306 307 308 309 310 311 306
312 313 314 315 316 317 312
260 318 319 268
262 320 321 270
322 323 324 325 322 326 327 328 329 330 331 323
329 332 333 334 324 325 335 336 337 328 337 332
338 339 340 341 338 342 343 344 345 346 347 339
345 348 349 350 340 341 351 352 353 344 353 348
354 355 356 357 358 359 360 361 354
355 362 363 356
360 364 365 359
366 367 368 369 370 371 372 373 374 366
375 376 377 378 379 380 381 382 383 375
384 385 386 387 388 389 390 391 392 393 394 395 384
Axles
x 0 390 83 , 340 390 83
y 340 0 83 , 340 390 83
z 340 390 0 , 340 390 83
End