Points
103 120 11
140 110 57
140 117 61
127 125 34
108 124 14
61 120 11
24 110 57
24 117 61
37 125 34
56 124 14
62 115 4
18 102 55
17 109 59
63 122 7
101 122 7
147 109 59
146 102 55
102 115 4
154 108 83
154 123 91
158 135 84 
152 140 70
147 151 58
137 170 50
129 196 55
130 200 60
120 210 40
113 201 17
51 201 17
44 210 40
34 200 60
35 196 55
27 170 50
17 151 58
12 140 70
6 135 84
10 123 91
10 108 83
156 133 62
142 150 37
130 168 30
8 133 62
22 150 37
34 168 30
15 118 62
30 130 35
63 130 12
64 123 7
100 123 7
101 130 12
134 130 35
149 118 62
60 128 15
33 128 36
20 118 62
104 128 15
131 128 36
144 118 62
148 81 50
148 63 54
150 34 70
152 21 96
111 2 88
103 61 18
61 61 18
53 2 88
12 21 96
14 34 70
16 63 54
16 81 50
48 114 10
30 110 26
44 119 14
30 115 30
116 114 10
134 110 26
112 119 14
134 115 30
111 208 18
120 216 40
129 203 60
133 217 73
120 230 41
110 225 15
94 225 15
92 222 17
72 222 17
70 225 15
54 225 15
44 230 41
31 217 73
35 203 60
44 215 40
53 209 18
149 199 128
144 211 122
122 247 36
107 240 12
57 240 12
42 247 36
20 211 122
15 199 128
Connections
EyeLeft 1 2 3 4 5 1
EyeRight 6 7 8 9 10 6
EyeBrow 11 71 72 12 13 45 46 47 48 53 54 55 13 74 73 14 15 77 78 16 52 51 50 49 56 57 58 16 17 76 75 18 11
Face 19 20 22 23 24 25 26 27 28 29 30 31 32 33 34 35 37 38
CheekbonesLeft 20 39 40 41 28
CheekbonesRight 30 44 43 42 37
Face2 38 45 46 47 48 49 50 51 52 19
Forehead 17 59 60 61 62 63 63 64 65 66 67 68 69 70 12
Chin 79 80 81 82 83 84 85 86 87 88 89 90 91 92 93 94 79
Chin2 81 22 95 96 97 98 99 100 97 100 101 102 35
Axles
x 0 130 155 , 300 130 155
y 0 0 0 , 0 1 0
z 0 0 0 , 0 0 1
End